7 08 00	9 46 00	13 40 00	14 56 00	17 02 00	19 25 00
7 07 00	9 46 00	13 40 00	14 57 00	17 04 00	19 26 00
7 07 00	9 45 00	13 41 00	14 58 00	17 05 00	19 27 00
7 07 00	9 45 00	13 41 00	14 59 00	17 06 00	19 28 00
7 07 00	9 44 00	13 42 00	15 00 00	17 08 00	19 29 00
7 07 00	9 44 00	13 42 00	15 02 00	17 09 00	19 30 00
7 07 00	9 43 00	13 42 00	15 03 00	17 11 00	19 32 00
7 06 00	9 42 00	13 43 00	15 04 00	17 13 00	19 33 00
7 06 00	9 41 00	13 43 00	15 05 00	17 14 00	19 34 00
7 05 00	9 41 00	13 44 00	15 07 00	17 16 00	19 35 00
7 05 00	9 40 00	13 44 00	15 08 00	17 18 00	19 37 00
7 04 00	9 39 00	13 45 00	15 09 00	17 20 00	19 38 00
7 04 00	9 38 00	13 45 00	15 11 00	17 21 00	19 40 00
7 03 00	9 36 00	13 45 00	15 12 00	17 23 00	19 41 00
7 02 00	9 35 00	13 46 00	15 14 00	17 25 00	19 42 00
7 02 00	9 34 00	13 46 00	15 15 00	17 27 00	19 44 00
7 01 00	9 33 00	13 46 00	15 17 00	17 29 00	19 45 00
7 00 00	9 31 00	13 47 00	15 18 00	17 31 00	19 47 00
6 59 00	9 30 00	13 47 00	15 20 00	17 33 00	19 49 00
6 58 00	9 28 00	13 47 00	15 21 00	17 35 00	19 50 00
6 57 00	9 27 00	13 48 00	15 23 00	17 37 00	19 52 00
6 56 00	9 25 00	13 48 00	15 24 00	17 39 00	19 53 00
6 55 00	9 24 00	13 48 00	15 26 00	17 42 00	19 55 00
6 54 00	9 22 00	13 48 00	15 28 00	17 44 00	19 57 00
6 52 00	9 20 00	13 49 00	15 29 00	17 46 00	19 58 00
6 51 00	9 19 00	13 49 00	15 31 00	17 48 00	20 00 00
6 50 00	9 17 00	13 49 00	15 33 00	17 50 00	20 02 00
6 49 00	9 15 00	13 49 00	15 34 00	17 53 00	20 04 00
6 47 00	9 13 00	13 49 00	15 36 00	17 55 00	20 05 00
6 46 00	9 11 00	13 50 00	15 38 00	17 57 00	20 07 00
6 44 00	9 09 00	13 50 00	15 39 00	17 59 00	20 09 00
6 43 00	9 08 00	13 50 00	15 41 00	18 02 00	20 11 00
6 41 00	9 06 00	13 50 00	15 43 00	18 04 00	20 13 00
6 40 00	9 03 00	13 50 00	15 45 00	18 06 00	20 15 00
6 38 00	9 01 00	13 50 00	15 46 00	18 08 00	20 17 00
6 36 00	8 59 00	13 50 00	15 48 00	18 11 00	20 18 00
6 35 00	8 57 00	13 50 00	15 50 00	18 13 00	20 20 00
6 33 00	8 55 00	13 50 00	15 52 00	18 15 00	20 22 00
6 31 00	8 53 00	13 50 00	15 53 00	18 18 00	20 24 00
6 29 00	8 51 00	13 50 00	15 55 00	18 20 00	20 26 00
6 27 00	8 48 00	13 51 00	15 57 00	18 22 00	20 28 00
6 25 00	8 46 00	13 51 00	15 58 00	18 24 00	20 30 00
6 23 00	8 44 00	13 51 00	16 00 00	18 27 00	20 32 00
6 21 00	8 42 00	13 50 00	16 02 00	18 29 00	20 34 00
6 19 00	8 39 00	13 50 00	16 03 00	18 31 00	20 36 00
6 17 00	8 37 00	13 50 00	16 05 00	18 33 00	20 38 00
6 15 00	8 35 00	13 50 00	16 07 00	18 36 00	20 40 00
6 13 00	8 32 00	13 50 00	16 09 00	18 38 00	20 42 00
6 11 00	8 30 00	13 50 00	16 10 00	18 40 00	20 44 00
6 08 00	8 27 00	13 50 00	16 12 00	18 43 00	20 46 00
6 06 00	8 25 00	13 50 00	16 14 00	18 45 00	20 48 00
6 04 00	8 22 00	13 50 00	16 15 00	18 47 00	20 50 00
6 02 00	8 20 00	13 50 00	16 17 00	18 49 00	20 52 00
5 59 00	8 17 00	13 50 00	16 18 00	18 52 00	20 54 00
5 57 00	8 15 00	13 50 00	16 20 00	18 54 00	20 57 00
5 54 00	8 12 00	13 49 00	16 22 00	18 56 00	20 59 00
5 52 00	8 10 00	13 49 00	16 23 00	18 58 00	21 01 00
5 49 00	8 07 00	13 49 00	16 25 00	19 00 00	21 03 00
5 47 00	8 05 00	13 49 00	16 26 00	19 03 00	21 05 00
5 44 00	8 02 00	13 49 00	16 28 00	19 05 00	21 07 00
5 42 00	8 00 00	13 48 00	16 30 00	19 07 00	21 09 00
5 39 00	7 57 00	13 48 00	16 31 00	19 09 00	21 12 00
5 36 00	7 54 00	13 48 00	16 33 00	19 11 00	21 14 00
5 34 00	7 52 00	13 48 00	16 34 00	19 14 00	21 16 00
5 31 00	7 49 00	13 48 00	16 36 00	19 16 00	21 18 00
5 28 00	7 47 00	13 47 00	16 37 00	19 18 00	21 21 00
5 25 00	7 44 00	13 47 00	16 39 00	19 20 00	21 23 00
5 23 00	7 41 00	13 47 00	16 40 00	19 22 00	21 25 00
5 20 00	7 39 00	13 47 00	16 41 00	19 24 00	21 27 00
5 17 00	7 36 00	13 46 00	16 43 00	19 26 00	21 30 00
5 14 00	7 33 00	13 46 00	16 44 00	19 29 00	21 32 00
5 11 00	7 31 00	13 46 00	16 46 00	19 31 00	21 34 00
5 08 00	7 28 00	13 46 00	16 47 00	19 33 00	21 37 00
5 05 00	7 25 00	13 45 00	16 49 00	19 35 00	21 39 00
5 02 00	7 23 00	13 45 00	16 50 00	19 37 00	21 42 00
4 59 00	7 20 00	13 45 00	16 51 00	19 39 00	21 44 00
4 56 00	7 17 00	13 44 00	16 53 00	19 41 00	21 47 00
4 52 00	7 15 00	13 44 00	16 54 00	19 43 00	21 49 00
4 49 00	7 12 00	13 44 00	16 55 00	19 45 00	21 52 00
4 46 00	7 09 00	13 44 00	16 57 00	19 48 00	21 54 00
4 43 00	7 07 00	13 43 00	16 58 00	19 50 00	21 57 00
4 39 00	7 04 00	13 43 00	16 59 00	19 52 00	21 59 00
4 36 00	7 01 00	13 43 00	17 00 00	19 54 00	22 02 00
4 33 00	6 59 00	13 42 00	17 02 00	19 56 00	22 05 00
4 29 00	6 56 00	13 42 00	17 03 00	19 58 00	22 07 00
4 26 00	6 53 00	13 42 00	17 04 00	20 00 00	22 10 00
4 22 00	6 51 00	13 41 00	17 05 00	20 02 00	22 13 00
4 19 00	6 48 00	13 41 00	17 07 00	20 04 00	22 15 00
4 15 00	6 45 00	13 41 00	17 08 00	20 06 00	22 18 00
4 11 00	6 43 00	13 41 00	17 09 00	20 08 00	22 21 00
4 08 00	6 40 00	13 40 00	17 10 00	20 10 00	22 24 00
4 04 00	6 37 00	13 40 00	17 11 00	20 12 00	22 27 00
4 00 00	6 35 00	13 40 00	17 12 00	20 15 00	22 30 00
3 56 00	6 32 00	13 39 00	17 14 00	20 17 00	22 33 00
3 52 00	6 29 00	13 39 00	17 15 00	20 19 00	22 36 00
3 48 00	6 27 00	13 39 00	17 16 00	20 21 00	22 39 00
3 44 00	6 24 00	13 39 00	17 17 00	20 23 00	22 42 00
3 40 00	6 22 00	13 38 00	17 18 00	20 25 00	22 45 00
3 36 00	6 19 00	13 38 00	17 19 00	20 27 00	22 49 00
3 32 00	6 16 00	13 38 00	17 20 00	20 29 00	22 52 00
3 28 00	6 14 00	13 37 00	17 21 00	20 31 00	22 55 00
3 23 00	6 11 00	13 37 00	17 22 00	20 33 00	22 59 00
3 19 00	6 09 00	13 37 00	17 23 00	20 35 00	23 02 00
3 14 00	6 06 00	13 37 00	17 24 00	20 37 00	23 06 00
3 09 00	6 03 00	13 36 00	17 25 00	20 39 00	23 10 00
3 04 00	6 01 00	13 36 00	17 26 00	20 41 00	23 13 00
2 59 00	5 58 00	13 36 00	17 27 00	20 43 00	23 17 00
2 54 00	5 56 00	13 36 00	17 29 00	20 46 00	23 21 00
2 49 00	5 53 00	13 35 00	17 29 00	20 48 00	23 25 00
2 43 00	5 51 00	13 35 00	17 30 00	20 50 00	23 29 00
2 38 00	5 48 00	13 35 00	17 31 00	20 52 00	23 34 00
2 31 00	5 46 00	13 35 00	17 32 00	20 54 00	23 38 00
2 25 00	5 44 00	13 35 00	17 33 00	20 56 00	23 43 00
2 18 00	5 41 00	13 34 00	17 34 00	20 58 00	23 47 00
2 11 00	5 39 00	13 34 00	17 35 00	21 00 00	23 52 00
2 02 00	5 36 00	13 34 00	17 36 00	21 02 00	23 57 00
1 53 00	5 34 00	13 34 00	17 37 00	21 04 00	0 03 00
1 42 00	5 32 00	13 34 00	17 38 00	21 06 00	0 08 00
1 26 00	5 29 00	13 34 00	17 39 00	21 08 00	*00 08
*01 26	5 27 00	13 34 00	17 40 00	21 10 00	*00 08
*01 26	5 25 00	13 33 00	17 41 00	21 12 00	*00 08
*01 26	5 22 00	13 33 00	17 42 00	21 14 00	*00 08
*01 26	5 20 00	13 33 00	17 42 00	21 16 00	*00 08
*01 26	5 18 00	13 33 00	17 43 00	21 18 00	*00 08
*01 26	5 16 00	13 33 00	17 44 00	21 20 00	*00 08
*01 26	5 14 00	13 33 00	17 45 00	21 22 00	*00 08
*01 26	5 12 00	13 33 00	17 46 00	21 24 00	*00 08
*01 26	5 09 00	13 33 00	17 47 00	21 26 00	*00 08
*01 26	5 07 00	13 33 00	17 48 00	21 28 00	*00 08
*01 26	5 05 00	13 33 00	17 48 00	21 30 00	*00 08
*01 26	5 03 00	13 33 00	17 49 00	21 32 00	*00 08
*01 26	5 01 00	13 33 00	17 50 00	21 34 00	*00 08
*01 26	4 59 00	13 33 00	17 51 00	21 36 00	*00 08
*01 26	4 57 00	13 33 00	17 52 00	21 38 00	*00 08
*01 26	4 56 00	13 33 00	17 52 00	21 40 00	*00 08
*01 26	4 54 00	13 33 00	17 53 00	21 41 00	*00 08
*01 26	4 52 00	13 33 00	17 54 00	21 43 00	*00 08
*01 26	4 50 00	13 33 00	17 55 00	21 45 00	*00 08
*01 26	4 48 00	13 33 00	17 55 00	21 47 00	*00 08
*01 26	4 47 00	13 33 00	17 56 00	21 49 00	*00 08
*01 26	4 45 00	13 33 00	17 57 00	21 50 00	*00 08
*01 26	4 44 00	13 33 00	17 57 00	21 52 00	*00 08
*01 26	4 42 00	13 33 00	17 58 00	21 54 00	*00 08
*01 26	4 40 00	13 33 00	17 59 00	21 56 00	*00 08
*01 26	4 39 00	13 33 00	17 59 00	21 57 00	*00 08
*01 26	4 38 00	13 33 00	18 00 00	21 59 00	*00 08
*01 26	4 36 00	13 33 00	18 01 00	22 00 00	*00 08
*01 26	4 35 00	13 34 00	18 01 00	22 02 00	*00 08
*01 26	4 34 00	13 34 00	18 02 00	22 03 00	*00 08
*01 26	4 32 00	13 34 00	18 02 00	22 05 00	*00 08
*01 26	4 31 00	13 34 00	18 03 00	22 06 00	*00 08
*01 26	4 30 00	13 34 00	18 04 00	22 08 00	*00 08
*01 26	4 29 00	13 34 00	18 04 00	22 09 00	*00 08
*01 26	4 28 00	13 34 00	18 05 00	22 10 00	*00 08
*01 26	4 27 00	13 35 00	18 05 00	22 11 00	*00 08
*01 26	4 26 00	13 35 00	18 06 00	22 13 00	*00 08
*01 26	4 26 00	13 35 00	18 06 00	22 14 00	*00 08
*01 26	4 25 00	13 35 00	18 07 00	22 15 00	*00 08
*01 26	4 24 00	13 35 00	18 07 00	22 16 00	*00 08
*01 26	4 23 00	13 36 00	18 08 00	22 17 00	*00 08
*01 26	4 23 00	13 36 00	18 08 00	22 18 00	*00 08
*01 26	4 22 00	13 36 00	18 09 00	22 19 00	*00 08
*01 26	4 22 00	13 36 00	18 09 00	22 19 00	*00 08
*01 26	4 22 00	13 36 00	18 09 00	22 20 00	*00 08
*01 26	4 21 00	13 37 00	18 10 00	22 21 00	*00 08
*01 26	4 21 00	13 37 00	18 10 00	22 21 00	*00 08
*01 26	4 21 00	13 37 00	18 10 00	22 22 00	*00 08
*01 26	4 21 00	13 37 00	18 11 00	22 22 00	*00 08
*01 26	4 21 00	13 37 00	18 11 00	22 23 00	*00 08
*01 26	4 21 00	13 38 00	18 11 00	22 23 00	*00 08
*01 26	4 21 00	13 38 00	18 11 00	22 24 00	*00 08
*01 26	4 21 00	13 38 00	18 12 00	22 24 00	*00 08
*01 26	4 21 00	13 38 00	18 12 00	22 24 00	*00 08
*01 26	4 21 00	13 38 00	18 12 00	22 24 00	*00 08
*01 26	4 22 00	13 39 00	18 12 00	22 24 00	*00 08
*01 26	4 22 00	13 39 00	18 12 00	22 24 00	*00 08
*01 26	4 23 00	13 39 00	18 12 00	22 24 00	*00 08
*01 26	4 23 00	13 39 00	18 13 00	22 24 00	*00 08
*01 26	4 24 00	13 40 00	18 13 00	22 24 00	*00 08
*01 26	4 25 00	13 40 00	18 13 00	22 23 00	*00 08
*01 26	4 25 00	13 40 00	18 13 00	22 23 00	*00 08
*01 26	4 26 00	13 40 00	18 13 00	22 22 00	*00 08
*01 26	4 27 00	13 40 00	18 13 00	22 22 00	*00 08
*01 26	4 28 00	13 41 00	18 13 00	22 21 00	*00 08
*01 26	4 29 00	13 41 00	18 13 00	22 21 00	*00 08
*01 26	4 30 00	13 41 00	18 12 00	22 20 00	*00 08
*01 26	4 31 00	13 41 00	18 12 00	22 19 00	*00 08
*01 26	4 32 00	13 41 00	18 12 00	22 19 00	*00 08
*01 26	4 33 00	13 41 00	18 12 00	22 18 00	*00 08
*01 26	4 34 00	13 42 00	18 12 00	22 17 00	*00 08
*01 26	4 35 00	13 42 00	18 11 00	22 16 00	*00 08
*01 26	4 37 00	13 42 00	18 11 00	22 15 00	*00 08
*01 26	4 38 00	13 42 00	18 11 00	22 14 00	*00 08
*01 26	4 39 00	13 42 00	18 11 00	22 12 00	*00 08
*01 26	4 41 00	13 42 00	18 10 00	22 11 00	*00 08
*01 26	4 42 00	13 42 00	18 10 00	22 10 00	*00 08
*01 26	4 44 00	13 42 00	18 09 00	22 09 00	*00 08
*01 26	4 45 00	13 42 00	18 09 00	22 07 00	*00 08
*01 26	4 47 00	13 43 00	18 08 00	22 06 00	*00 08
*01 26	4 48 00	13 43 00	18 08 00	22 04 00	*00 08
*01 26	4 50 00	13 43 00	18 07 00	22 03 00	*00 08
*01 26	4 52 00	13 43 00	18 07 00	22 01 00	*00 08
*01 26	4 53 00	13 43 00	18 06 00	22 00 00	*00 08
*01 26	4 55 00	13 43 00	18 06 00	21 58 00	*00 08
*01 26	4 57 00	13 43 00	18 05 00	21 56 00	*00 08
*01 26	4 58 00	13 43 00	18 04 00	21 55 00	*00 08
*01 26	5 00 00	13 43 00	18 04 00	21 53 00	*00 08
*01 26	5 02 00	13 43 00	18 03 00	21 51 00	*00 08
*01 26	5 04 00	13 43 00	18 02 00	21 49 00	*00 08
*01 26	5 06 00	13 43 00	18 01 00	21 47 00	*00 08
*01 26	5 07 00	13 43 00	18 01 00	21 46 00	*00 08
*01 26	5 09 00	13 43 00	18 00 00	21 44 00	*00 08
*01 26	5 11 00	13 43 00	17 59 00	21 42 00	*00 08
*01 26	5 13 00	13 43 00	17 58 00	21 40 00	*00 08
*01 26	5 15 00	13 43 00	17 57 00	21 38 00	*00 08
*01 26	5 17 00	13 42 00	17 56 00	21 35 00	*00 08
*01 26	5 19 00	13 42 00	17 55 00	21 33 00	*00 08
*01 26	5 21 00	13 42 00	17 54 00	21 31 00	*00 08
*01 26	5 22 00	13 42 00	17 53 00	21 29 00	*00 08
*01 26	5 24 00	13 42 00	17 52 00	21 27 00	*00 08
*01 26	5 26 00	13 42 00	17 51 00	21 25 00	*00 08
*01 26	5 28 00	13 42 00	17 50 00	21 22 00	*00 08
*01 26	5 30 00	13 42 00	17 49 00	21 20 00	*00 08
*01 26	5 32 00	13 41 00	17 48 00	21 18 00	*00 08
*01 26	5 34 00	13 41 00	17 46 00	21 16 00	*00 08
*01 26	5 36 00	13 41 00	17 45 00	21 13 00	0 14 00
1 41 00	5 38 00	13 41 00	17 44 00	21 11 00	0 08 00
1 54 00	5 40 00	13 41 00	17 43 00	21 08 00	0 03 00
2 04 00	5 42 00	13 40 00	17 41 00	21 06 00	23 57 00
2 12 00	5 44 00	13 40 00	17 40 00	21 04 00	23 52 00
2 20 00	5 46 00	13 40 00	17 39 00	21 01 00	23 47 00
2 26 00	5 48 00	13 40 00	17 37 00	20 59 00	23 42 00
2 33 00	5 50 00	13 40 00	17 36 00	20 56 00	23 37 00
2 38 00	5 52 00	13 39 00	17 35 00	20 54 00	23 33 00
2 44 00	5 54 00	13 39 00	17 33 00	20 51 00	23 28 00
2 49 00	5 56 00	13 39 00	17 32 00	20 49 00	23 24 00
2 54 00	5 58 00	13 38 00	17 30 00	20 46 00	23 19 00
2 59 00	6 00 00	13 38 00	17 29 00	20 44 00	23 15 00
3 03 00	6 02 00	13 38 00	17 27 00	20 41 00	23 11 00
3 08 00	6 04 00	13 38 00	17 26 00	20 39 00	23 07 00
3 12 00	6 06 00	13 37 00	17 24 00	20 36 00	23 03 00
3 16 00	6 08 00	13 37 00	17 23 00	20 34 00	22 59 00
3 20 00	6 10 00	13 37 00	17 21 00	20 31 00	22 55 00
3 24 00	6 12 00	13 36 00	17 19 00	20 28 00	22 51 00
3 28 00	6 14 00	13 36 00	17 18 00	20 26 00	22 47 00
3 31 00	6 16 00	13 36 00	17 16 00	20 23 00	22 43 00
3 35 00	6 18 00	13 35 00	17 14 00	20 21 00	22 40 00
3 38 00	6 20 00	13 35 00	17 13 00	20 18 00	22 36 00
3 42 00	6 22 00	13 35 00	17 11 00	20 15 00	22 32 00
3 45 00	6 24 00	13 34 00	17 09 00	20 13 00	22 29 00
3 49 00	6 26 00	13 34 00	17 07 00	20 10 00	22 25 00
3 52 00	6 28 00	13 34 00	17 06 00	20 07 00	22 21 00
3 55 00	6 30 00	13 33 00	17 04 00	20 05 00	22 18 00
3 58 00	6 32 00	13 33 00	17 02 00	20 02 00	22 14 00
4 01 00	6 34 00	13 33 00	17 00 00	19 59 00	22 11 00
4 04 00	6 35 00	13 32 00	16 58 00	19 57 00	22 08 00
4 07 00	6 37 00	13 32 00	16 57 00	19 54 00	22 04 00
4 10 00	6 39 00	13 32 00	16 55 00	19 51 00	22 01 00
4 13 00	6 41 00	13 31 00	16 53 00	19 48 00	21 57 00
4 15 00	6 43 00	13 31 00	16 51 00	19 46 00	21 54 00
4 18 00	6 45 00	13 31 00	16 49 00	19 43 00	21 51 00
4 21 00	6 47 00	13 30 00	16 47 00	19 40 00	21 48 00
4 24 00	6 49 00	13 30 00	16 45 00	19 38 00	21 44 00
4 26 00	6 51 00	13 29 00	16 43 00	19 35 00	21 41 00
4 29 00	6 53 00	13 29 00	16 42 00	19 32 00	21 38 00
4 32 00	6 55 00	13 29 00	16 40 00	19 30 00	21 35 00
4 34 00	6 57 00	13 28 00	16 38 00	19 27 00	21 32 00
4 37 00	6 59 00	13 28 00	16 36 00	19 24 00	21 29 00
4 39 00	7 01 00	13 28 00	16 34 00	19 22 00	21 26 00
4 42 00	7 03 00	13 27 00	16 32 00	19 19 00	21 23 00
4 44 00	7 05 00	13 27 00	16 30 00	19 16 00	21 20 00
4 46 00	7 08 00	13 27 00	16 28 00	19 13 00	21 17 00
4 49 00	7 10 00	13 26 00	16 26 00	19 11 00	21 14 00
4 51 00	7 12 00	13 26 00	16 24 00	19 08 00	21 11 00
4 54 00	7 14 00	13 26 00	16 22 00	19 05 00	21 08 00
4 56 00	7 16 00	13 25 00	16 20 00	19 03 00	21 05 00
4 58 00	7 18 00	13 25 00	16 18 00	19 00 00	21 03 00
5 00 00	7 20 00	13 25 00	16 16 00	18 57 00	21 00 00
5 03 00	7 22 00	13 25 00	16 14 00	18 55 00	20 57 00
5 05 00	7 24 00	13 24 00	16 12 00	18 52 00	20 54 00
5 07 00	7 26 00	13 24 00	16 10 00	18 49 00	20 52 00
5 09 00	7 28 00	13 24 00	16 08 00	18 47 00	20 49 00
5 12 00	7 30 00	13 23 00	16 06 00	18 44 00	20 46 00
5 14 00	7 32 00	13 23 00	16 04 00	18 42 00	20 44 00
5 16 00	7 34 00	13 23 00	16 02 00	18 39 00	20 41 00
5 18 00	7 36 00	13 23 00	16 00 00	18 36 00	20 39 00
5 20 00	7 39 00	13 22 00	15 58 00	18 34 00	20 36 00
5 22 00	7 41 00	13 22 00	15 56 00	18 31 00	20 33 00
5 24 00	7 43 00	13 22 00	15 54 00	18 29 00	20 31 00
5 26 00	7 45 00	13 22 00	15 52 00	18 26 00	20 29 00
5 28 00	7 47 00	13 22 00	15 50 00	18 24 00	20 26 00
5 31 00	7 49 00	13 21 00	15 48 00	18 21 00	20 24 00
5 33 00	7 51 00	13 21 00	15 47 00	18 19 00	20 21 00
5 35 00	7 54 00	13 21 00	15 45 00	18 16 00	20 19 00
5 37 00	7 56 00	13 21 00	15 43 00	18 14 00	20 17 00
5 39 00	7 58 00	13 21 00	15 41 00	18 11 00	20 15 00
5 41 00	8 00 00	13 21 00	15 39 00	18 09 00	20 12 00
5 43 00	8 02 00	13 20 00	15 37 00	18 06 00	20 10 00
5 45 00	8 04 00	13 20 00	15 35 00	18 04 00	20 08 00
5 47 00	8 07 00	13 20 00	15 34 00	18 02 00	20 06 00
5 48 00	8 09 00	13 20 00	15 32 00	17 59 00	20 04 00
5 50 00	8 11 00	13 20 00	15 30 00	17 57 00	20 02 00
5 52 00	8 13 00	13 20 00	15 28 00	17 55 00	20 00 00
5 54 00	8 15 00	13 20 00	15 27 00	17 52 00	19 58 00
5 56 00	8 18 00	13 20 00	15 25 00	17 50 00	19 56 00
5 58 00	8 20 00	13 20 00	15 23 00	17 48 00	19 54 00
6 00 00	8 22 00	13 20 00	15 21 00	17 46 00	19 52 00
6 02 00	8 24 00	13 20 00	15 20 00	17 43 00	19 50 00
6 04 00	8 27 00	13 20 00	15 18 00	17 41 00	19 48 00
6 05 00	8 29 00	13 20 00	15 17 00	17 39 00	19 47 00
6 07 00	8 31 00	13 20 00	15 15 00	17 37 00	19 45 00
6 09 00	8 33 00	13 20 00	15 14 00	17 35 00	19 43 00
6 11 00	8 35 00	13 20 00	15 12 00	17 33 00	19 42 00
6 13 00	8 38 00	13 20 00	15 11 00	17 31 00	19 40 00
6 14 00	8 40 00	13 20 00	15 09 00	17 29 00	19 39 00
6 16 00	8 42 00	13 20 00	15 08 00	17 27 00	19 37 00
6 18 00	8 44 00	13 21 00	15 06 00	17 25 00	19 36 00
6 19 00	8 46 00	13 21 00	15 05 00	17 23 00	19 34 00
6 21 00	8 48 00	13 21 00	15 04 00	17 21 00	19 33 00
6 23 00	8 51 00	13 21 00	15 02 00	17 19 00	19 31 00
6 25 00	8 53 00	13 21 00	15 01 00	17 18 00	19 30 00
6 26 00	8 55 00	13 21 00	15 00 00	17 16 00	19 29 00
6 28 00	8 57 00	13 22 00	14 59 00	17 14 00	19 28 00
6 29 00	8 59 00	13 22 00	14 58 00	17 13 00	19 27 00
6 31 00	9 01 00	13 22 00	14 57 00	17 11 00	19 26 00
6 33 00	9 03 00	13 22 00	14 56 00	17 10 00	19 25 00
6 34 00	9 05 00	13 23 00	14 55 00	17 08 00	19 24 00
6 36 00	9 07 00	13 23 00	14 54 00	17 07 00	19 23 00
6 37 00	9 09 00	13 23 00	14 53 00	17 05 00	19 22 00
6 39 00	9 11 00	13 24 00	14 52 00	17 04 00	19 21 00
6 40 00	9 13 00	13 24 00	14 51 00	17 03 00	19 20 00
6 41 00	9 15 00	13 24 00	14 51 00	17 02 00	19 19 00
6 43 00	9 17 00	13 25 00	14 50 00	17 00 00	19 19 00
6 44 00	9 19 00	13 25 00	14 49 00	16 59 00	19 18 00
6 45 00	9 20 00	13 25 00	14 49 00	16 58 00	19 17 00
6 47 00	9 22 00	13 26 00	14 48 00	16 57 00	19 17 00
6 48 00	9 24 00	13 26 00	14 48 00	16 57 00	19 16 00
6 49 00	9 25 00	13 26 00	14 47 00	16 56 00	19 16 00
6 50 00	9 27 00	13 27 00	14 47 00	16 55 00	19 16 00
6 52 00	9 28 00	13 27 00	14 46 00	16 54 00	19 15 00
6 53 00	9 30 00	13 28 00	14 46 00	16 54 00	19 15 00
6 54 00	9 31 00	13 28 00	14 46 00	16 53 00	19 15 00
6 55 00	9 33 00	13 29 00	14 46 00	16 53 00	19 15 00
6 56 00	9 34 00	13 29 00	14 46 00	16 52 00	19 14 00
6 57 00	9 35 00	13 29 00	14 45 00	16 52 00	19 14 00
6 58 00	9 37 00	13 30 00	14 45 00	16 52 00	19 14 00
6 59 00	9 38 00	13 30 00	14 45 00	16 51 00	19 14 00
7 00 00	9 39 00	13 31 00	14 46 00	16 51 00	19 14 00
7 00 00	9 40 00	13 31 00	14 46 00	16 51 00	19 15 00
7 01 00	9 41 00	13 32 00	14 46 00	16 51 00	19 15 00
7 02 00	9 42 00	13 32 00	14 46 00	16 51 00	19 15 00
7 03 00	9 42 00	13 33 00	14 46 00	16 52 00	19 15 00
7 03 00	9 43 00	13 33 00	14 47 00	16 52 00	19 16 00
7 04 00	9 44 00	13 34 00	14 47 00	16 52 00	19 16 00
7 05 00	9 44 00	13 34 00	14 48 00	16 53 00	19 17 00
7 05 00	9 45 00	13 35 00	14 48 00	16 53 00	19 17 00
7 05 00	9 45 00	13 35 00	14 49 00	16 54 00	19 18 00
7 06 00	9 46 00	13 36 00	14 49 00	16 54 00	19 18 00
7 06 00	9 46 00	13 36 00	14 50 00	16 55 00	19 19 00
7 07 00	9 46 00	13 37 00	14 51 00	16 56 00	19 20 00
7 07 00	9 46 00	13 37 00	14 51 00	16 57 00	19 20 00
7 07 00	9 47 00	13 38 00	14 52 00	16 58 00	19 21 00
7 07 00	9 47 00	13 38 00	14 53 00	16 59 00	19 22 00
7 07 00	9 46 00	13 39 00	14 54 00	17 00 00	19 23 00
7 07 00	9 46 00	13 39 00	14 55 00	17 01 00	19 24 00
